5:
1.9995 2.0022 2.0001 1.9977 2.0024 2.0000 1.9984 2.0011 1.9999 2.0016
10:
1.9994 1.9994 2.0004 2.0008 2.0027 2.0007 1.9994 2.0000 1.9995 1.9990
15:
2.0013 2.0012 2.0026 2.0000 1.9998 1.9997 2.0003 1.9989 1.9980 1.9998
20:
1.9981 2.0012 2.0021 1.9987 1.9992 1.9996 1.9997 1.9994 2.0022 1.9996
25:
1.9991 2.0003 1.9997 2.0012 1.9997 1.9991 1.9998 2.0016 1.9987 1.9995
30:
1.9996 2.0013 2.0007 1.9991 1.9980 2.0000 1.9990 1.9991 1.9973 2.0018
35:
1.9991 2.0007 2.0015 1.9991 1.9993 2.0002 1.9995 1.9980 1.9998 1.9988
40:
1.9978 2.0005 2.0000 1.9992 2.0018 2.0006 1.9979 2.0000 2.0002 1.9997
45:
2.0020 1.9995 1.9988 1.9980 1.9997 2.0009 2.0009 1.9973 2.0004 1.9993
50:
1.9994 2.0010 2.0016 1.9966 1.9996 2.0000 2.0000 2.0014 2.0006 1.9988
55:
2.0002 2.0002 2.0006 1.9998 1.9995 2.0002 1.9984 1.9991 2.0004 2.0009
60:
1.9998 2.0001 2.0008 2.0013 1.9984 2.0006 2.0008 2.0010 1.9996 1.9991
65:
2.0014 1.9988 1.9998 2.0014 1.9983 1.9998 1.9983 1.9996 1.9967 2.0011
70:
1.9988 1.9991 2.0011 2.0008 2.0014 2.0002 1.9983 1.9991 1.9991 2.0002
75:
1.9996 1.9999 1.9996 2.0011 2.0002 1.9984 1.9981 1.9993 2.0002 1.9996
80:
2.0006 2.0000 1.9997 1.9994 2.0006 2.0000 2.0000 1.9981 1.9997 1.9984
85:
1.9991 1.9960 2.0001 1.9984 2.0005 2.0001 1.9981 1.9991 1.9981 1.9991
90:
2.0009 2.0013 2.0009 1.9977 1.9991 1.9991 2.0002 1.9991 1.9995 1.9988
95:
2.0004 2.0001 1.9989 1.9989 1.9993 1.9989 1.9974 2.0008 1.9993 1.9993
100:
1.9984 1.9996 1.9980 1.9996 2.0000 1.9988 2.0000 2.0000 2.0000 1.9996
